N = 512 Time for mult matrix: 0.504416
N = 1024 Time for mult matrix: 4.26011
N = 2048 Time for mult matrix: 33.4082
N = 4096 Time for mult matrix: 264.979
